{"type":"group","tags":[],"matrix":[0.44590163934426225,0,-0.8950819672131147,0,-0.8654974704890387,0.2549747048903878,-0.43116357504215846,0,0.22822326044287175,0.9669477234401348,0.11369363890194344,0,45.64465208857435,193.38954468802697,22.738727780388686,1,"136/305","-12831/14825","206388/904325","1651104/36173","0","756/2965","2867/2965","114680/593","-273/305","-6392/14825","102816/904325","822528/36173","1"],"content":[{"type":"graph","tags":["color:#c4d3ac"],"graph":{"isClosed":true,"isEmpty":false,"isLazy":true,"provenance":"algorithm/cgal/fromSurfaceMeshToLazyGraph","serializedSurfaceMesh":"8\n-200 200 0\n-200 -200 0\n200 -200 0\n200 200 0\n-200 200 1\n-200 -200 1\n200 -200 1\n200 200 1\n\n12\n3 1 0 2\n3 3 2 0\n3 4 5 6\n3 6 7 4\n3 4 1 5\n3 1 4 0\n3 5 2 6\n3 2 5 1\n3 6 3 7\n3 3 6 2\n3 7 0 4\n3 0 7 3\n","hash":"O8PsMixOLWiSmSoBVviEkDVn3FcGbjlA1GjT/uO9V/s="},"matrix":[0.44590163934426225,0,-0.8950819672131147,0,-0.8654974704890387,0.2549747048903878,-0.43116357504215846,0,0.22822326044287175,0.9669477234401348,0.11369363890194344,0,45.64465208857435,193.38954468802697,22.738727780388686,1,"136/305","-12831/14825","206388/904325","1651104/36173","0","756/2965","2867/2965","114680/593","-273/305","-6392/14825","102816/904325","822528/36173","1"],"hash":"h+1HzZJm98fX2XDO1s2l1wbgKaaZDCMxRAeewxM4VyI=","cache":{"triangles":{"type":"triangles","tags":["color:#c4d3ac"],"matrix":[0.44590163934426225,0,-0.8950819672131147,0,-0.8654974704890387,0.2549747048903878,-0.43116357504215846,0,0.22822326044287175,0.9669477234401348,0.11369363890194344,0,45.64465208857435,193.38954468802697,22.738727780388686,1,"136/305","-12831/14825","206388/904325","1651104/36173","0","756/2965","2867/2965","114680/593","-273/305","-6392/14825","102816/904325","822528/36173","1"],"triangles":[[[-200,-200,0],[-200,200,0],[200,-200,0]],[[200,200,0],[200,-200,0],[-200,200,0]],[[-200,200,1],[-200,-200,1],[200,-200,1]],[[200,-200,1],[200,200,1],[-200,200,1]],[[-200,200,1],[-200,-200,0],[-200,-200,1]],[[-200,-200,0],[-200,200,1],[-200,200,0]],[[-200,-200,1],[200,-200,0],[200,-200,1]],[[200,-200,0],[-200,-200,1],[-200,-200,0]],[[200,-200,1],[200,200,0],[200,200,1]],[[200,200,0],[200,-200,1],[200,-200,0]],[[200,200,1],[-200,200,0],[-200,200,1]],[[-200,200,0],[200,200,1],[200,200,0]]]},"boundingBox":[[-216.6351698780861,142.39460370994934,-242.5103806706662],[308.15269731567764,245.35143338954475,288.10152987034553]]}},{"type":"graph","tags":["color:#e2c66c"],"graph":{"isClosed":true,"isEmpty":false,"isLazy":true,"provenance":"algorithm/cgal/fromSurfaceMeshToLazyGraph","serializedSurfaceMesh":"8\n-425/2 425/2 -10\n-425/2 -425/2 -10\n425/2 -425/2 -10\n425/2 425/2 -10\n-425/2 425/2 0\n-425/2 -425/2 0\n425/2 -425/2 0\n425/2 425/2 0\n\n12\n3 1 0 2\n3 3 2 0\n3 4 5 6\n3 6 7 4\n3 4 1 5\n3 1 4 0\n3 5 2 6\n3 2 5 1\n3 6 3 7\n3 3 6 2\n3 7 0 4\n3 0 7 3\n","hash":"Dymthdi1/o/2zCgQGR3Z/MlbpizQh0eM5+9NHPoQwjQ="},"matrix":[0.44590163934426225,0,-0.8950819672131147,0,-0.8654974704890387,0.2549747048903878,-0.43116357504215846,0,0.22822326044287175,0.9669477234401348,0.11369363890194344,0,45.64465208857435,193.38954468802697,22.738727780388686,1,"136/305","-12831/14825","206388/904325","1651104/36173","0","756/2965","2867/2965","114680/593","-273/305","-6392/14825","102816/904325","822528/36173","1"],"hash":"91Wxtkz/3XP6YqZMDLwHpbpIIgBADTNSVitqvm0AMAU=","cache":{"triangles":{"type":"triangles","tags":["color:#e2c66c"],"matrix":[0.44590163934426225,0,-0.8950819672131147,0,-0.8654974704890387,0.2549747048903878,-0.43116357504215846,0,0.22822326044287175,0.9669477234401348,0.11369363890194344,0,45.64465208857435,193.38954468802697,22.738727780388686,1,"136/305","-12831/14825","206388/904325","1651104/36173","0","756/2965","2867/2965","114680/593","-273/305","-6392/14825","102816/904325","822528/36173","1"],"triangles":[[[-212.5,-212.5,-10],[-212.5,212.5,-10],[212.5,-212.5,-10]],[[212.5,212.5,-10],[212.5,-212.5,-10],[-212.5,212.5,-10]],[[-212.5,212.5,0],[-212.5,-212.5,0],[212.5,-212.5,0]],[[212.5,-212.5,0],[212.5,212.5,0],[-212.5,212.5,0]],[[-212.5,212.5,0],[-212.5,-212.5,-10],[-212.5,-212.5,0]],[[-212.5,-212.5,-10],[-212.5,212.5,0],[-212.5,212.5,-10]],[[-212.5,-212.5,0],[212.5,-212.5,-10],[212.5,-212.5,0]],[[212.5,-212.5,-10],[-212.5,-212.5,0],[-212.5,-212.5,-10]],[[212.5,-212.5,0],[212.5,212.5,-10],[212.5,212.5,0]],[[212.5,212.5,-10],[212.5,-212.5,0],[212.5,-212.5,-10]],[[212.5,212.5,0],[-212.5,212.5,-10],[-212.5,212.5,0]],[[-212.5,212.5,-10],[212.5,212.5,0],[212.5,212.5,-10]]]},"boundingBox":[[-235.30989135543106,129.53794266441815,-260.22538633787656],[324.31696292815104,247.57166947723448,304.5659055096345]]}}],"hash":"MpDpJ0BWEeGYoEYx0/93MzDvyMk+Ip6tyiPEkdTMI44="}