{"type":"group","tags":[],"matrix":[0.45385779122541603,0,-0.8910741301059001,0,-0.759265352873605,0.523413566739606,-0.3867225905977615,0,0.466400288668121,0.8520787746170678,0.2375553252978545,0,93.2800577336242,170.41575492341354,47.5110650595709,1,"300/661","-1146783/1510385","704444/1510385","28177760/302077","0","1196/2285","1947/2285","77880/457","-589/661","-116820/302077","71760/302077","14352000/302077","1"],"content":[{"type":"graph","tags":["color:#c4d3ac"],"graph":{"isClosed":true,"isEmpty":false,"isLazy":true,"provenance":"algorithm/cgal/fromSurfaceMeshToLazyGraph","serializedSurfaceMesh":"8\n-200 200 0\n-200 -200 0\n200 -200 0\n200 200 0\n-200 200 1\n-200 -200 1\n200 -200 1\n200 200 1\n\n12\n3 1 0 2\n3 3 2 0\n3 4 5 6\n3 6 7 4\n3 4 1 5\n3 1 4 0\n3 5 2 6\n3 2 5 1\n3 6 3 7\n3 3 6 2\n3 7 0 4\n3 0 7 3\n","hash":"O8PsMixOLWiSmSoBVviEkDVn3FcGbjlA1GjT/uO9V/s="},"matrix":[0.45385779122541603,0,-0.8910741301059001,0,-0.759265352873605,0.523413566739606,-0.3867225905977615,0,0.466400288668121,0.8520787746170678,0.2375553252978545,0,93.2800577336242,170.41575492341354,47.5110650595709,1,"300/661","-1146783/1510385","704444/1510385","28177760/302077","0","1196/2285","1947/2285","77880/457","-589/661","-116820/302077","71760/302077","14352000/302077","1"],"hash":"sw2RFyqX7zQeFP9wxRZ6El4NolrJF+3fWYQHOv0cuVg=","cache":{"triangles":{"type":"triangles","tags":["color:#c4d3ac"],"matrix":[0.45385779122541603,0,-0.8910741301059001,0,-0.759265352873605,0.523413566739606,-0.3867225905977615,0,0.466400288668121,0.8520787746170678,0.2375553252978545,0,93.2800577336242,170.41575492341354,47.5110650595709,1,"300/661","-1146783/1510385","704444/1510385","28177760/302077","0","1196/2285","1947/2285","77880/457","-589/661","-116820/302077","71760/302077","14352000/302077","1"],"triangles":[[[-200,-200,0],[-200,200,0],[200,-200,0]],[[200,200,0],[200,-200,0],[-200,200,0]],[[-200,200,1],[-200,-200,1],[200,-200,1]],[[200,-200,1],[200,200,1],[-200,200,1]],[[-200,200,1],[-200,-200,0],[-200,-200,1]],[[-200,-200,0],[-200,200,1],[-200,200,0]],[[-200,-200,1],[200,-200,0],[200,-200,1]],[[200,-200,0],[-200,-200,1],[-200,-200,0]],[[200,-200,1],[200,200,0],[200,200,1]],[[200,200,0],[200,-200,1],[200,-200,0]],[[200,200,1],[-200,200,0],[-200,200,1]],[[-200,200,0],[200,200,1],[200,200,0]]]},"boundingBox":[[-149.34457108618017,65.73304157549225,-208.04827908116155],[336.37108684209676,275.95054704595196,303.3079645256012]]}},{"type":"graph","tags":["color:#e2c66c"],"graph":{"isClosed":true,"isEmpty":false,"isLazy":true,"provenance":"algorithm/cgal/fromSurfaceMeshToLazyGraph","serializedSurfaceMesh":"8\n-425/2 425/2 -10\n-425/2 -425/2 -10\n425/2 -425/2 -10\n425/2 425/2 -10\n-425/2 425/2 0\n-425/2 -425/2 0\n425/2 -425/2 0\n425/2 425/2 0\n\n12\n3 1 0 2\n3 3 2 0\n3 4 5 6\n3 6 7 4\n3 4 1 5\n3 1 4 0\n3 5 2 6\n3 2 5 1\n3 6 3 7\n3 3 6 2\n3 7 0 4\n3 0 7 3\n","hash":"Dymthdi1/o/2zCgQGR3Z/MlbpizQh0eM5+9NHPoQwjQ="},"matrix":[0.45385779122541603,0,-0.8910741301059001,0,-0.759265352873605,0.523413566739606,-0.3867225905977615,0,0.466400288668121,0.8520787746170678,0.2375553252978545,0,93.2800577336242,170.41575492341354,47.5110650595709,1,"300/661","-1146783/1510385","704444/1510385","28177760/302077","0","1196/2285","1947/2285","77880/457","-589/661","-116820/302077","71760/302077","14352000/302077","1"],"hash":"tU3u5vZ3/DwQaE29zeFNsVsQk80oBPVpfTXoSJ3I/HI=","cache":{"triangles":{"type":"triangles","tags":["color:#e2c66c"],"matrix":[0.45385779122541603,0,-0.8910741301059001,0,-0.759265352873605,0.523413566739606,-0.3867225905977615,0,0.466400288668121,0.8520787746170678,0.2375553252978545,0,93.2800577336242,170.41575492341354,47.5110650595709,1,"300/661","-1146783/1510385","704444/1510385","28177760/302077","0","1196/2285","1947/2285","77880/457","-589/661","-116820/302077","71760/302077","14352000/302077","1"],"triangles":[[[-212.5,-212.5,-10],[-212.5,212.5,-10],[212.5,-212.5,-10]],[[212.5,212.5,-10],[212.5,-212.5,-10],[-212.5,212.5,-10]],[[-212.5,212.5,0],[-212.5,-212.5,0],[212.5,-212.5,0]],[[212.5,-212.5,0],[212.5,212.5,0],[-212.5,212.5,0]],[[-212.5,212.5,0],[-212.5,-212.5,-10],[-212.5,-212.5,0]],[[-212.5,-212.5,-10],[-212.5,212.5,0],[-212.5,212.5,-10]],[[-212.5,-212.5,0],[212.5,-212.5,-10],[212.5,-212.5,0]],[[212.5,-212.5,-10],[-212.5,-212.5,0],[-212.5,-212.5,-10]],[[212.5,-212.5,0],[212.5,212.5,-10],[212.5,212.5,0]],[[212.5,212.5,-10],[212.5,-212.5,0],[212.5,-212.5,-10]],[[212.5,212.5,0],[-212.5,212.5,-10],[-212.5,212.5,0]],[[-212.5,212.5,-10],[212.5,212.5,0],[212.5,212.5,-10]]]},"boundingBox":[[-169.1726132740992,50.6695842450765,-226.39629134293594],[351.06872585466647,281.64113785558,319.04286820909925]]}}],"hash":"00j3OBmP2PpvxH24xmn5dRVibi4uS8/uNqSsHROZJGE="}