{"type":"group","tags":[],"matrix":[0.8638529611980938,0,0.5037440435670524,0,0.008915125594843682,0.9998433829287392,-0.015288235648454912,0,-0.5036651486502838,0.017697729052466717,0.8637176670773111,0,-100.73302973005677,3.5395458104933435,172.74353341546222,1,"1269/1469","148/16601","-944832/1875913","-188966400/1875913","0","6384/6385","113/6385","4520/1277","740/1469","-1269/83005","8101296/9379565","324051840/1875913","1"],"content":[{"type":"graph","matrix":[0.8638529611980938,0,0.5037440435670524,0,0.008915125594843682,0.9998433829287392,-0.015288235648454912,0,-0.5036651486502838,0.017697729052466717,0.8637176670773111,0,-100.73302973005677,3.5395458104933435,172.74353341546222,1,"1269/1469","148/16601","-944832/1875913","-188966400/1875913","0","6384/6385","113/6385","4520/1277","740/1469","-1269/83005","8101296/9379565","324051840/1875913","1"],"tags":["color:#3c3c3c"],"graph":{"isClosed":true,"isEmpty":false,"isLazy":true,"provenance":"algorithm/cgal/fromSurfaceMeshToLazyGraph","serializedSurfaceMesh":"8\n-200 200 0\n-200 -200 0\n200 -200 0\n200 200 0\n-200 200 1\n-200 -200 1\n200 -200 1\n200 200 1\n\n12\n3 2 1 0\n3 0 3 2\n3 6 4 5\n3 4 6 7\n3 5 4 1\n3 0 1 4\n3 6 5 2\n3 1 2 5\n3 7 6 3\n3 2 3 6\n3 4 7 0\n3 3 0 7\n","hash":"JR8kx3TdiitlWuN3salNm2OjU7fZk04axLEzZDB3zV8="},"hash":"0TFnoLMPr1pseKi9OTMYlh0cZj20T0EayXgNmtuHVwQ=","cache":{"boundingBox":[[-275.7903122372947,-196.42913077525463,68.93707757236069],[73.82058762853086,203.52592012529377,277.4137069256411]]}},{"type":"graph","matrix":[0.8638529611980938,0,0.5037440435670524,0,0.008915125594843682,0.9998433829287392,-0.015288235648454912,0,-0.5036651486502838,0.017697729052466717,0.8637176670773111,0,-100.73302973005677,3.5395458104933435,172.74353341546222,1,"1269/1469","148/16601","-944832/1875913","-188966400/1875913","0","6384/6385","113/6385","4520/1277","740/1469","-1269/83005","8101296/9379565","324051840/1875913","1"],"tags":["color:#bababa"],"graph":{"isClosed":true,"isEmpty":false,"isLazy":true,"provenance":"algorithm/cgal/fromSurfaceMeshToLazyGraph","serializedSurfaceMesh":"8\n-425/2 425/2 -10\n-425/2 -425/2 -10\n425/2 -425/2 -10\n425/2 425/2 -10\n-425/2 425/2 0\n-425/2 -425/2 0\n425/2 -425/2 0\n425/2 425/2 0\n\n12\n3 2 1 0\n3 0 3 2\n3 6 4 5\n3 4 6 7\n3 5 4 1\n3 0 1 4\n3 6 5 2\n3 1 2 5\n3 7 6 3\n3 2 3 6\n3 4 7 0\n3 3 0 7\n","hash":"WdXxJOn49q7rFkHDH3qp7ThOGiQeFV497ScJI6WRZhM="},"hash":"ZQsGZMWRLpNW29CwlTLez7pqSayZ0tFLIBR/7nzyMkc=","cache":{"boundingBox":[[-286.19624817355617,-209.10415035238853,53.81199741139374],[89.76684019994545,216.00626468285054,283.03789274875766]]}}],"hash":"UM6wNX+aqQWCouGAUu3woXkANcFXFylCg6sdQIZJlNs="}